---
startPose:
  x: -23.0
  y: 47.0
  heading: 1.0471975511965976
startTangent: 0.0
waypoints:
- position:
    x: -12.0
    y: 47.0
  heading: 1.5707963267948966
  tangent: 0.0
  interpolationType: "SPLINE"
- position:
    x: -12.0
    y: 55.0
  heading: 0.0
  tangent: 1.5707963267948966
  interpolationType: "CONSTANT"
resolution: 0.25
version: 1
