---
startPose:
  x: -32.0
  y: 26.0
  heading: 0.7853981633974483
startTangent: 0.7853981633974483
waypoints:
- position:
    x: -22.0
    y: 35.0
  heading: 0.0
  tangent: 0.0
  interpolationType: "SPLINE"
- position:
    x: -12.0
    y: 47.0
  heading: 1.5707963267948966
  tangent: 1.5707963267948966
  interpolationType: "SPLINE"
- position:
    x: -13.0
    y: 58.0
  heading: 1.5707963267948966
  tangent: 1.5707963267948966
  interpolationType: "SPLINE"
resolution: 0.25
version: 1
