---
startPose:
  x: -60.0
  y: -60.0
  heading: -1.5707963267948966
startTangent: 1.5707963267948966
waypoints:
- position:
    x: -60.0
    y: -48.0
  heading: -1.5707963267948966
  tangent: 1.5707963267948966
  interpolationType: "TANGENT"
resolution: 0.25
version: 1
