---
startPose:
  x: 20.0
  y: -63.0
  heading: -1.5707963267948966
startTangent: 3.141592653589793
waypoints:
- position:
    x: 13.0
    y: -60.0
  heading: 0.0
  tangent: 2.6179938779914944
  interpolationType: "CONSTANT"
- position:
    x: 18.0
    y: -51.0
  heading: 0.0
  tangent: 0.0
  interpolationType: "CONSTANT"
resolution: 0.25
version: 1
