---
startPose:
  x: 17.7
  y: -64.9
  heading: -1.5707963267948966
startTangent: 3.141592653589793
waypoints:
- position:
    x: 10.0
    y: -57.0
  heading: 0.0
  tangent: 1.5707963267948966
  interpolationType: "CONSTANT"
- position:
    x: 13.0
    y: -51.0
  heading: 0.0
  tangent: 0.7853981633974483
  interpolationType: "CONSTANT"
resolution: 0.25
version: 1
