---
maxVel: 43.73
maxAccel: 43.73
maxAngVel: 2.3273965575344384
maxAngAccel: 4.471882609459871
robotLength: 11.0
robotWidth: 10.72
driveType: "MECANUM"
trackWidth: 10.72
wheelBase: 1.8
lateralMultiplier: 1.0
