---
startPose:
  x: 14.0
  y: 57.0
  heading: 1.5707963267948966
startTangent: 4.71238898038469
waypoints:
- position:
    x: 9.0
    y: -10.0
  heading: 1.5707963267948966
  tangent: 4.537856055185257
  interpolationType: "SPLINE"
- position:
    x: 7.0
    y: -40.0
  heading: 1.5707963267948966
  tangent: 4.886921905584122
  interpolationType: "LINEAR"
- position:
    x: 25.0
    y: -64.0
  heading: 1.5707963267948966
  tangent: 5.585053606381854
  interpolationType: "LINEAR"
resolution: 0.25
version: 1
