---
startPose:
  x: 14.0
  y: 57.0
  heading: 1.5707963267948966
startTangent: 4.71238898038469
waypoints:
- position:
    x: 14.0
    y: -15.0
  heading: 1.5707963267948966
  tangent: 4.71238898038469
  interpolationType: "SPLINE"
- position:
    x: 9.0
    y: -40.0
  heading: 1.5707963267948966
  tangent: 4.71238898038469
  interpolationType: "LINEAR"
- position:
    x: 15.0
    y: -58.0
  heading: 1.5707963267948966
  tangent: 5.585053606381854
  interpolationType: "LINEAR"
- position:
    x: 29.0
    y: -63.0
  heading: 1.5707963267948966
  tangent: -0.3490658503988659
  interpolationType: "LINEAR"
resolution: 0.25
version: 1
