---
startPose:
  x: 12.0
  y: 55.0
  heading: 1.5707963267948966
startTangent: 4.71238898038469
waypoints:
- position:
    x: 12.0
    y: -10.0
  heading: 1.5707963267948966
  tangent: 4.71238898038469
  interpolationType: "SPLINE"
- position:
    x: 7.0
    y: -40.0
  heading: 1.5707963267948966
  tangent: 4.71238898038469
  interpolationType: "LINEAR"
- position:
    x: 13.5
    y: -63.0
  heading: 1.5707963267948966
  tangent: 6.283185307179586
  interpolationType: "LINEAR"
resolution: 0.25
version: 1
