---
startPose:
  x: 43.5
  y: -49.0
  heading: 1.5707963267948966
startTangent: 1.7453292519943295
waypoints:
- position:
    x: 13.0
    y: -25.0
  heading: 0.0
  tangent: 1.5707963267948966
  interpolationType: "CONSTANT"
- position:
    x: 13.0
    y: 0.0
  heading: 0.0
  tangent: 1.5707963267948966
  interpolationType: "CONSTANT"
- position:
    x: 14.0
    y: 58.0
  heading: 0.0
  tangent: 1.5707963267948966
  interpolationType: "CONSTANT"
resolution: 0.25
version: 1
