---
startPose:
  x: 17.7
  y: -56.9
  heading: 1.5707963267948966
startTangent: 2.6179938779914944
waypoints:
- position:
    x: 9.0
    y: -40.0
  heading: 0.0
  tangent: 1.5707963267948966
  interpolationType: "CONSTANT"
- position:
    x: 15.0
    y: -15.0
  heading: 0.0
  tangent: 1.48352986419518
  interpolationType: "CONSTANT"
- position:
    x: 15.0
    y: 49.0
  heading: 0.0
  tangent: 1.5707963267948966
  interpolationType: "CONSTANT"
- position:
    x: 15.0
    y: 61.0
  heading: 0.0
  tangent: 1.5707963267948966
  interpolationType: "CONSTANT"
resolution: 0.25
version: 1
