---
startPose:
  x: 25.0
  y: -64.0
  heading: 1.5707963267948966
startTangent: 2.6179938779914944
waypoints:
- position:
    x: 9.0
    y: -40.0
  heading: 0.0
  tangent: 1.5707963267948966
  interpolationType: "CONSTANT"
- position:
    x: 11.0
    y: -15.0
  heading: 0.0
  tangent: 1.48352986419518
  interpolationType: "CONSTANT"
- position:
    x: 14.0
    y: 48.0
  heading: 0.0
  tangent: 1.48352986419518
  interpolationType: "CONSTANT"
- position:
    x: 14.0
    y: 59.5
  heading: 0.0
  tangent: 1.5707963267948966
  interpolationType: "CONSTANT"
resolution: 0.25
version: 1
