---
startPose:
  x: 64.12598425
  y: 39.37
  heading: 3.141592653589793
startTangent: 2.6179938779914944
waypoints:
- position:
    x: 50.0
    y: 50.0
  heading: 2.0943951023931953
  tangent: 2.6179938779914944
  interpolationType: "SPLINE"
- position:
    x: 35.0
    y: 49.0
  heading: 2.356194490192345
  tangent: 3.6651914291880923
  interpolationType: "SPLINE"
resolution: 0.25
version: 1
