---
startPose:
  x: 63.0
  y: 38.0
  heading: 3.141592653589793
startTangent: 3.141592653589793
waypoints:
- position:
    x: 50.0
    y: 38.0
  heading: 2.356194490192345
  tangent: 3.141592653589793
  interpolationType: "SPLINE"
- position:
    x: 34.0
    y: 26.0
  heading: 0.0
  tangent: 3.9269908169872414
  interpolationType: "CONSTANT"
resolution: 0.25
version: 1
