---
startPose:
  x: 63.0
  y: 38.0
  heading: 3.141592653589793
startTangent: 3.141592653589793
waypoints:
- position:
    x: 40.0
    y: 35.0
  heading: 2.0943951023931953
  tangent: 3.141592653589793
  interpolationType: "SPLINE"
- position:
    x: 22.0
    y: 35.0
  heading: 2.356194490192345
  tangent: 3.141592653589793
  interpolationType: "SPLINE"
resolution: 0.25
version: 1
