---
startPose:
  x: 32.0
  y: 26.0
  heading: 2.356194490192345
startTangent: 1.5707963267948966
waypoints:
- position:
    x: 22.0
    y: 40.0
  heading: 0.0
  tangent: 2.356194490192345
  interpolationType: "CONSTANT"
- position:
    x: 14.0
    y: 59.5
  heading: 1.5707963267948966
  tangent: 1.5707963267948966
  interpolationType: "SPLINE"
resolution: 0.25
version: 1
