---
startPose:
  x: 23.0
  y: 47.0
  heading: 2.0943951023931953
startTangent: 3.141592653589793
waypoints:
- position:
    x: 14.0
    y: 47.0
  heading: 1.5707963267948966
  tangent: 3.141592653589793
  interpolationType: "SPLINE"
- position:
    x: 14.0
    y: 57.0
  heading: 0.0
  tangent: 1.5707963267948966
  interpolationType: "CONSTANT"
resolution: 0.25
version: 1
