---
startPose:
  x: 30.0
  y: 50.0
  heading: 2.0943951023931953
startTangent: 2.356194490192345
waypoints:
- position:
    x: 16.0
    y: 58.5
  heading: 1.5707963267948966
  tangent: 2.356194490192345
  interpolationType: "LINEAR"
resolution: 0.25
version: 1
