---
startPose:
  x: 22.0
  y: 35.0
  heading: 2.356194490192345
startTangent: 2.356194490192345
waypoints:
- position:
    x: 12.0
    y: 47.0
  heading: 1.5707963267948966
  tangent: 1.5707963267948966
  interpolationType: "SPLINE"
- position:
    x: 12.0
    y: 55.0
  heading: 1.5707963267948966
  tangent: 1.5707963267948966
  interpolationType: "SPLINE"
resolution: 0.25
version: 1
