---
startPose:
  x: 32.0
  y: 26.0
  heading: 2.356194490192345
startTangent: 1.5707963267948966
waypoints:
- position:
    x: 12.0
    y: 47.0
  heading: 1.5707963267948966
  tangent: 2.356194490192345
  interpolationType: "SPLINE"
- position:
    x: 13.0
    y: 55.0
  heading: 1.5707963267948966
  tangent: 1.5707963267948966
  interpolationType: "LINEAR"
resolution: 0.25
version: 1
