---
startPose:
  x: -40.0
  y: -57.0
  heading: 1.5707963267948966
startTangent: 1.48352986419518
waypoints:
- position:
    x: -36.0
    y: 58.0
  heading: 0.0
  tangent: 1.5707963267948966
  interpolationType: "CONSTANT"
resolution: 0.25
version: 1
