---
maxVel: 30.0
maxAccel: 40.0
maxAngVel: 3.141592653589793
maxAngAccel: 3.141592653589793
robotLength: 13.8
robotWidth: 12.6
driveType: "GENERIC"
