---
startPose:
  x: -15.7480315
  y: -64.12598425
  heading: 1.5707963267948966
startTangent: 0.5235987755982988
waypoints:
- position:
    x: -9.0
    y: -40.0
  heading: 1.5707963267948966
  tangent: 1.5707963267948966
  interpolationType: "LINEAR"
- position:
    x: -36.0
    y: -15.0
  heading: 1.5707963267948966
  tangent: 1.605702911834783
  interpolationType: "LINEAR"
- position:
    x: -36.0
    y: 48.0
  heading: 0.0
  tangent: 1.5707963267948966
  interpolationType: "CONSTANT"
- position:
    x: -36.0
    y: 58.0
  heading: 0.0
  tangent: 1.5707963267948966
  interpolationType: "CONSTANT"
resolution: 0.25
version: 1
