---
startPose:
  x: -18.0
  y: 40.0
  heading: 1.5707963267948966
startTangent: -1.2217304763960306
waypoints:
- position:
    x: -12.0
    y: -15.0
  heading: 0.0
  tangent: -1.6580627893946132
  interpolationType: "CONSTANT"
- position:
    x: -30.0
    y: -20.0
  heading: 0.0
  tangent: 3.141592653589793
  interpolationType: "CONSTANT"
- position:
    x: -42.0
    y: -36.0
  heading: 0.0
  tangent: -1.5707963267948966
  interpolationType: "CONSTANT"
- position:
    x: -42.0
    y: -48.0
  heading: 0.0
  tangent: -1.5707963267948966
  interpolationType: "CONSTANT"
resolution: 0.25
version: 1
