---
startPose:
  x: -16.0
  y: -63.0
  heading: 1.5707963267948966
startTangent: 0.0
waypoints:
- position:
    x: -7.0
    y: -40.0
  heading: 1.5707963267948966
  tangent: 1.5707963267948966
  interpolationType: "LINEAR"
- position:
    x: -12.0
    y: -10.0
  heading: 1.5707963267948966
  tangent: 1.5707963267948966
  interpolationType: "LINEAR"
- position:
    x: -12.0
    y: 55.0
  heading: 1.5707963267948966
  tangent: 1.5707963267948966
  interpolationType: "LINEAR"
resolution: 0.25
version: 1
