---
startPose:
  x: -12.0
  y: 59.0
  heading: 1.5707963267948966
startTangent: -1.5707963267948966
waypoints:
- position:
    x: -9.0
    y: -15.0
  heading: 1.5707963267948966
  tangent: -1.5707963267948966
  interpolationType: "SPLINE"
- position:
    x: -7.0
    y: -40.0
  heading: 1.5707963267948966
  tangent: -1.5707963267948966
  interpolationType: "LINEAR"
- position:
    x: -20.0
    y: -64.0
  heading: 1.5707963267948966
  tangent: -2.443460952792061
  interpolationType: "LINEAR"
resolution: 0.25
version: 1
