---
startPose:
  x: -16.0
  y: 57.0
  heading: 1.5707963267948966
startTangent: -1.5707963267948966
waypoints:
- position:
    x: -15.0
    y: -15.0
  heading: 1.5707963267948966
  tangent: -1.5707963267948966
  interpolationType: "SPLINE"
- position:
    x: -9.0
    y: -40.0
  heading: 1.5707963267948966
  tangent: -1.5707963267948966
  interpolationType: "LINEAR"
- position:
    x: -15.0
    y: -58.0
  heading: 1.5707963267948966
  tangent: -2.443460952792061
  interpolationType: "LINEAR"
- position:
    x: -29.0
    y: -63.0
  heading: 1.5707963267948966
  tangent: 3.490658503988659
  interpolationType: "LINEAR"
resolution: 0.25
version: 1
