---
startPose:
  x: -13.0
  y: 58.0
  heading: 1.5707963267948966
startTangent: -1.5707963267948966
waypoints:
- position:
    x: -12.0
    y: -15.0
  heading: 0.0
  tangent: -1.6580627893946132
  interpolationType: "CONSTANT"
- position:
    x: -30.0
    y: -20.0
  heading: 0.0
  tangent: 3.141592653589793
  interpolationType: "CONSTANT"
- position:
    x: -40.0
    y: -36.0
  heading: 0.0
  tangent: -1.5707963267948966
  interpolationType: "CONSTANT"
- position:
    x: -40.0
    y: -57.0
  heading: 0.0
  tangent: -1.5707963267948966
  interpolationType: "CONSTANT"
resolution: 0.25
version: 1
