---
startPose:
  x: -15.7480315
  y: -64.12598425
  heading: 1.5707963267948966
startTangent: 0.5235987755982988
waypoints:
- position:
    x: -9.0
    y: -40.0
  heading: 1.5707963267948966
  tangent: 1.5707963267948966
  interpolationType: "LINEAR"
- position:
    x: -11.0
    y: -15.0
  heading: 1.5707963267948966
  tangent: 1.6580627893946132
  interpolationType: "LINEAR"
- position:
    x: -12.0
    y: 48.0
  heading: 1.5707963267948966
  tangent: 1.48352986419518
  interpolationType: "LINEAR"
- position:
    x: -12.0
    y: 59.0
  heading: 1.5707963267948966
  tangent: 1.5707963267948966
  interpolationType: "LINEAR"
resolution: 0.25
version: 1
