---
startPose:
  x: -18.0
  y: 40.0
  heading: 1.5707963267948966
startTangent: -0.6981317007977318
waypoints:
- position:
    x: -11.0
    y: 30.0
  heading: 0.0
  tangent: -1.5707963267948966
  interpolationType: "CONSTANT"
- position:
    x: -12.0
    y: -25.0
  heading: 0.0
  tangent: -1.6580627893946132
  interpolationType: "CONSTANT"
- position:
    x: -30.0
    y: -30.0
  heading: 0.0
  tangent: 3.141592653589793
  interpolationType: "CONSTANT"
- position:
    x: -42.5
    y: -35.0
  heading: 0.0
  tangent: -1.5707963267948966
  interpolationType: "CONSTANT"
- position:
    x: -42.5
    y: -47.5
  heading: 0.0
  tangent: -1.5707963267948966
  interpolationType: "CONSTANT"
resolution: 0.25
version: 1
