---
startPose:
  x: -40.0
  y: -57.0
  heading: 1.5707963267948966
startTangent: 1.5707963267948966
waypoints:
- position:
    x: -40.0
    y: -46.0
  heading: 0.0
  tangent: 1.5707963267948966
  interpolationType: "CONSTANT"
- position:
    x: -17.0
    y: -28.0
  heading: 0.0
  tangent: 0.7853981633974483
  interpolationType: "CONSTANT"
- position:
    x: -9.0
    y: 0.0
  heading: 0.0
  tangent: 1.5707963267948966
  interpolationType: "CONSTANT"
- position:
    x: -13.0
    y: 61.0
  heading: 0.0
  tangent: 1.5707963267948966
  interpolationType: "CONSTANT"
resolution: 0.25
version: 1
