---
startPose:
  x: -40.0
  y: -57.0
  heading: 1.5707963267948966
startTangent: 1.3962634015954636
waypoints:
- position:
    x: -9.0
    y: 0.0
  heading: 0.0
  tangent: 1.5707963267948966
  interpolationType: "CONSTANT"
- position:
    x: -12.0
    y: 61.0
  heading: 0.0
  tangent: 1.5707963267948966
  interpolationType: "CONSTANT"
resolution: 0.25
version: 1
