---
startPose:
  x: -64.13
  y: 39.37
  heading: 0.0
startTangent: 0.0
waypoints:
- position:
    x: -40.0
    y: 50.0
  heading: 0.7853981633974483
  tangent: 0.0
  interpolationType: "SPLINE"
- position:
    x: -30.0
    y: 50.0
  heading: 0.7853981633974483
  tangent: 0.0
  interpolationType: "SPLINE"
resolution: 0.25
version: 1
