---
startPose:
  x: -30.0
  y: 50.0
  heading: 1.0471975511965976
startTangent: 1.3089969389957472
waypoints:
- position:
    x: -13.0
    y: 52.0
  heading: 1.5707963267948966
  tangent: -0.3490658503988659
  interpolationType: "LINEAR"
resolution: 0.25
version: 1
