---
startPose:
  x: -23.0
  y: 47.0
  heading: 1.0471975511965976
startTangent: 1.3089969389957472
waypoints:
- position:
    x: -12.0
    y: 55.0
  heading: 1.5707963267948966
  tangent: 0.7853981633974483
  interpolationType: "LINEAR"
resolution: 0.25
version: 1
