---
maxVel: 30.0
maxAccel: 40.0
maxAngVel: 3.141592653589793
maxAngAccel: 3.141592653589793
robotLength: 13.0
robotWidth: 13.0
driveType: "GENERIC"
