---
startPose:
  x: -30.0
  y: -55.0
  heading: 1.5707963267948966
startTangent: 1.5707963267948966
waypoints:
- position:
    x: -60.0
    y: -50.0
  heading: 0.0
  tangent: -1.5707963267948966
  interpolationType: "CONSTANT"
- position:
    x: -54.0
    y: -63.0
  heading: 0.0
  tangent: -0.3490658503988659
  interpolationType: "CONSTANT"
resolution: 0.25
version: 1
