---
startPose:
  x: -34.0
  y: -22.0
  heading: 0.7853981633974483
startTangent: 3.141592653589793
waypoints:
- position:
    x: -60.0
    y: -60.0
  heading: -1.5707963267948966
  tangent: -1.5707963267948966
  interpolationType: "LINEAR"
resolution: 0.25
version: 1
