---
startPose:
  x: -30.0
  y: -5.0
  heading: -1.0471975511965976
startTangent: -0.7853981633974483
waypoints:
- position:
    x: -7.0
    y: -40.0
  heading: -1.5707963267948966
  tangent: -1.5707963267948966
  interpolationType: "SPLINE"
- position:
    x: -15.0
    y: -64.0
  heading: 0.0
  tangent: 3.141592653589793
  interpolationType: "CONSTANT"
resolution: 0.25
version: 1
