---
startPose:
  x: -33.0
  y: -5.0
  heading: -0.7853981633974483
startTangent: -0.7853981633974483
waypoints:
- position:
    x: -20.0
    y: -20.0
  heading: 0.0
  tangent: 3.839724354387525
  interpolationType: "CONSTANT"
- position:
    x: -33.0
    y: -58.0
  heading: 1.5707963267948966
  tangent: -1.5707963267948966
  interpolationType: "SPLINE"
resolution: 0.25
version: 1
