---
startPose:
  x: -35.0
  y: -13.0
  heading: 0.0
startTangent: 3.141592653589793
waypoints:
- position:
    x: -51.0
    y: -63.0
  heading: 1.5707963267948966
  tangent: -0.6981317007977318
  interpolationType: "LINEAR"
resolution: 0.25
version: 1
