---
startPose:
  x: -35.0
  y: -13.0
  heading: 0.0
startTangent: 3.141592653589793
waypoints:
- position:
    x: -53.0
    y: -64.0
  heading: 1.5707963267948966
  tangent: -0.7853981633974483
  interpolationType: "LINEAR"
resolution: 0.25
version: 1
