---
startPose:
  x: -30.0
  y: -5.0
  heading: -1.0471975511965976
startTangent: -1.5707963267948966
waypoints:
- position:
    x: -10.0
    y: -60.0
  heading: -1.5707963267948966
  tangent: -1.5707963267948966
  interpolationType: "LINEAR"
resolution: 0.25
version: 1
