---
startPose:
  x: -36.0
  y: -12.0
  heading: 1.3089969389957472
startTangent: -1.5707963267948966
waypoints:
- position:
    x: -29.0
    y: -55.0
  heading: 1.5707963267948966
  tangent: -1.5707963267948966
  interpolationType: "LINEAR"
resolution: 0.25
version: 1
